      Assignment         w1         w2   Data Height 

           Q40N-H    119.306      6.851         6212 
           A49N-H    125.725      7.558         7016 
           L50N-H    115.296      7.363         6087 
           T51N-H    108.918      7.384         4724 
           D53N-H    121.345      8.436         5379 
           S57N-H    121.595      8.755         5214 
           V58N-H    123.317      7.997         5064 
           A59N-H    132.668      8.753        23543 
           T60N-H    108.556      7.700         4832 
           T62N-H    126.856      8.010         4910 
           V63N-H    129.529      8.713        23147 
           G74N-H    109.458      8.544         5430 
           V75N-H    123.680      8.852        22492 
           I76N-H    126.553      9.206        21782 
           Y77N-H    128.310      9.712        17356 
           T80N-H    114.206      8.030         7563 
           T82N-H    112.602      7.295         5849 
           G87N-H    110.135      9.986        12798 
           G88N-H    105.961      8.601        14860 
           A90N-H    128.154      8.036        20545 
           M91N-H    119.447      9.093        21569 
          S100N-H    116.707      8.633         5892 
          S101N-H    120.443      7.982         6062 
          A103N-H    127.386      7.506         6344 
          A103N-H    127.395      7.504         6344 
          W104N-H    116.584      8.376         4887 
          G106N-H    109.570      8.012        16840 
          R107N-H    120.989      7.163        28605 
          A110N-H    122.596      7.884        27714 
          S111N-H    112.773      8.293        24274 
          H112N-H    121.435      7.600        16986 
          G113N-H    109.948      8.100        14226 
          F114N-H    119.388      7.149        18858 
          V115N-H    122.184      8.881        17128 
          V116N-H    128.485      9.455        18569 
          L117N-H    130.790      9.191        19289 
          V118N-H    130.101      9.289        22166 
          I119N-H    120.479      8.156        21195 
          A132N-H    122.977      7.939         5021 
          Q134N-H    124.690      8.061         4730 
          L135N-H    122.575      8.414        32286 
          S136N-H    115.454      7.748        24409 
          A137N-H    124.550      7.866         6157 
          A138N-H    124.875      8.182        30162 
          N140N-H    118.513      7.702         7016 
          Y141N-H    124.195      8.388         6497 
          L142N-H    121.706      8.480        30130 
          R143N-H    112.316      7.389        20632 
          T144N-H    108.331      7.628         4769 
          S145N-H    117.625      8.221         5265 
          S146N-H    117.509      6.728         5649 
          V150N-H    115.247      6.701         5393 
          A152N-H    119.251      7.809         9307 
          D155N-H    127.971      9.175        16349 
          A156N-H    124.894      8.184        30095 
          R158N-H    123.027      7.665        16459 
          L159N-H    122.380      8.250        15330 
          A160N-H    123.430      8.903        22800 
          V161N-H    108.224      7.589        21398 
          A162N-H    122.512      8.410        30756 
          G163N-H    102.871      7.413        22051 
          H164N-H    121.861      8.177        17129 
          G169N-H    112.983      8.046         8755 
          G170N-H    108.974      8.236        11691 
          T171N-H    118.781      7.133        23990 
          L172N-H    122.229      6.476        19561 
          E176N-H    120.065      7.499        31376 
          L181N-H    124.616      7.172         6592 
          K182N-H    116.232      9.304        20497 
          A183N-H    113.163      6.957        28252 
          L187N-H    126.660      9.257        16320 
          T188N-H    115.731      9.659        17008 
          W190N-H    121.064      6.722        14771 
          T198N-H    114.775      6.562         5306 
          V200N-H    131.568      8.172        10751 
          V202N-H    130.080      8.159        16604 
          L203N-H    131.591      7.395        19507 
          I204N-H    124.430      8.696        18432 
          V205N-H    126.251      7.784        20439 
          G206N-H    116.938      9.511        19660 
          A207N-H    126.312      8.648        11455 
          V212N-H    129.114      8.762        21596 
          S216N-H    113.471      8.271         5499 
          F222N-H    114.726      7.950        13853 
          N225N-H    115.115      8.100        17569 
          L226N-H    123.342      6.826        25940 
          T230N-H    124.017      7.474        19697 
          K232N-H    123.126      8.427        14251 
          V233N-H    125.237      8.419        18110 
          V235N-H    121.406      7.940        22077 
          E236N-H    124.017      7.474        19697 
          L237N-H    129.114      8.762        21596 
          C238N-H    124.667      8.522         4962 
          A251N-H    120.707      7.851         7381 
          I252N-H    117.337      8.763         4420 
          T256N-H    115.882      8.130        28334 
          W259N-H    123.329      8.254        24730 
          M260N-H    113.923      7.748        17628 
          K261N-H    121.442      8.879        19108 
          L262N-H    120.070      7.995        22856 
          W263N-H    115.290      7.121        18627 
          D265N-H    118.166      6.722        16502 
          N266N-H    116.846      6.721        10774 
          D267N-H    116.405      7.774        19873 
          T268N-H    116.034      7.721         4798 
          R271N-H    121.746      7.536         5811 
          L274N-H    115.552      7.496        15921 
          R286N-H    127.610      8.813        19400 
          T287N-H    115.909      8.261         4859 
          N289N-H    118.568      9.760         4971 
