      Assignment         w1         w2   Data Height 

           A49N-H    125.732      7.559         8639 
           T51N-H    108.907      7.383         6578 
           V58N-H    123.257      7.998         6093 
           A59N-H    132.675      8.753        23793 
           T60N-H    108.506      7.698         6769 
           V63N-H    129.522      8.713        19401 
           V75N-H    123.666      8.851        26321 
           I76N-H    126.563      9.206        22427 
           Y77N-H    128.322      9.712        18472 
           G87N-H    110.130      9.985        10808 
           G88N-H    105.948      8.598        17227 
           A90N-H    128.158      8.037        21291 
           M91N-H    119.441      9.092        22940 
          S100N-H    116.751      8.633         8383 
          S101N-H    120.390      7.981         8140 
          A103N-H    127.388      7.504         8231 
          G106N-H    109.561      8.012        15899 
          R107N-H    120.976      7.163        30101 
          A110N-H    122.600      7.883        29464 
          S111N-H    112.792      8.292        25833 
          H112N-H    121.421      7.598        18111 
          G113N-H    109.941      8.101        15043 
          F114N-H    119.377      7.148        19630 
          V115N-H    122.169      8.880        18795 
          V116N-H    128.478      9.453        20060 
          L117N-H    130.782      9.191        20130 
          V118N-H    130.106      9.288        20194 
          I119N-H    120.474      8.155        22079 
          L135N-H    122.517      8.409        33030 
          S136N-H    115.425      7.747        18510 
          A137N-H    124.544      7.865         8402 
          A138N-H    124.885      8.181        31719 
          N140N-H    118.476      7.701         7396 
          L142N-H    121.677      8.479        31031 
          R143N-H    112.315      7.388        10892 
          S145N-H    117.635      8.220         6274 
          S146N-H    117.570      6.727         6685 
          A152N-H    119.219      7.810         9808 
          D155N-H    127.967      9.174        17103 
          A156N-H    124.885      8.181        31719 
          R158N-H    123.013      7.665         7960 
          L159N-H    122.374      8.249        11062 
          A160N-H    123.429      8.903        23958 
          V161N-H    108.247      7.590        23080 
          A162N-H    122.517      8.409        33030 
          G163N-H    102.868      7.413        21306 
          H164N-H    121.858      8.178        15785 
          G169N-H    113.027      8.048         6669 
          G170N-H    108.936      8.237        10278 
          T171N-H    118.780      7.133        22793 
          L172N-H    122.227      6.476        21137 
          E176N-H    120.068      7.499        23089 
          L181N-H    124.646      7.171         6406 
          K182N-H    116.219      9.304        21439 
          A183N-H    113.163      6.957        29688 
          L187N-H    126.669      9.256        19846 
          T188N-H    115.737      9.659        19869 
          W190N-H    121.040      6.721        15118 
          V202N-H    130.081      8.158        17190 
          L203N-H    131.593      7.394        20530 
          I204N-H    124.423      8.695        20192 
          V205N-H    126.258      7.783        22184 
          G206N-H    116.942      9.511        20445 
          V212N-H    129.103      8.762        22013 
          S216N-H    113.465      8.271         6876 
          F222N-H    114.698      7.950         7469 
          N225N-H    115.100      8.100        12373 
          L226N-H    123.336      6.826        22147 
          K232N-H    123.133      8.427        15981 
          V233N-H    125.228      8.418        20506 
          V235N-H    121.401      7.940        24594 
          E236N-H    124.035      7.473        19643 
          L237N-H    129.103      8.762        22013 
          A251N-H    120.682      7.851         8965 
          T256N-H    115.882      8.130        29069 
          W259N-H    123.332      8.253        24736 
          M260N-H    113.887      7.747        19461 
          K261N-H    121.430      8.878        17723 
          L262N-H    120.047      7.994        23788 
          W263N-H    115.280      7.121        19720 
          D265N-H    118.140      6.723        18665 
          D267N-H    116.391      7.774        19999 
          R271N-H    121.781      7.536         8705 
          L274N-H    115.527      7.497         8464 
          R286N-H    127.599      8.812        20956 
