      Assignment         w1         w2   Data Height 

           Y39N-H    119.037      7.572         3985 
           Q40N-H    119.331      6.851         7058 
           T46N-H    108.745      6.682         3619 
           A49N-H    125.733      7.558         6430 
           L50N-H    115.366      7.362         4887 
           T51N-H    108.922      7.383         4533 
           D53N-H    121.361      8.438         6199 
           S57N-H    121.598      8.754         5598 
           V58N-H    123.337      7.999         5559 
           A59N-H    132.682      8.752        23088 
           T60N-H    108.515      7.698         5050 
           T62N-H    126.850      8.009         5188 
           V63N-H    129.521      8.714        19597 
           S64N-H    124.511      8.489         4121 
           G74N-H    109.381      8.545         4717 
           V75N-H    123.671      8.851        25166 
           I76N-H    126.559      9.206        21539 
           Y77N-H    128.331      9.713        16939 
           T80N-H    114.235      8.034         6184 
           T82N-H    112.614      7.297         5019 
           L84N-H    125.092      7.856         4848 
           G87N-H    110.140      9.985        12246 
           G88N-H    105.972      8.599        15503 
           A90N-H    128.153      8.037        20660 
           M91N-H    119.439      9.093        21239 
           A97N-H    125.514      7.794         4406 
          S100N-H    116.744      8.634         6277 
          S101N-H    120.432      7.983         6337 
          A103N-H    127.369      7.506         6679 
          W104N-H    116.530      8.375         4313 
          G106N-H    109.561      8.011        14133 
          R107N-H    120.986      7.163        27539 
          A110N-H    122.595      7.884        26918 
          S111N-H    112.788      8.293        24770 
          H112N-H    121.421      7.598        14776 
          G113N-H    109.966      8.100        13954 
          F114N-H    119.400      7.149        19766 
          V115N-H    122.196      8.881        16806 
          V116N-H    128.480      9.455        18352 
          L117N-H    130.788      9.191        18225 
          V118N-H    130.094      9.289        21554 
          I119N-H    120.470      8.157        21950 
          A132N-H    122.932      7.942         4747 
          Q134N-H    124.686      8.056         4717 
          L135N-H    122.585      8.413        32218 
          S136N-H    115.432      7.748        21266 
          A137N-H    124.541      7.865         5887 
          A138N-H    124.877      8.183        31601 
          N140N-H    118.515      7.703         7804 
          Y141N-H    124.224      8.388         4417 
          L142N-H    121.701      8.480        30711 
          R143N-H    112.318      7.389        11918 
          T144N-H    108.368      7.628         4224 
          S145N-H    117.653      8.223         5380 
          S146N-H    117.556      6.728         6026 
          V150N-H    115.322      6.699         5027 
          A152N-H    119.230      7.809         7930 
          D155N-H    127.959      9.175        17454 
          A156N-H    124.877      8.183        31601 
          N157N-H    113.664      7.973         3868 
          R158N-H    123.032      7.665        10587 
          L159N-H    122.376      8.250        11934 
          A160N-H    123.432      8.903        24411 
          V161N-H    108.236      7.589        24373 
          A162N-H    122.521      8.409        32102 
          G163N-H    102.881      7.413        21784 
          H164N-H    121.861      8.178        14809 
          G169N-H    113.002      8.044         7471 
          G170N-H    108.952      8.236        11024 
          T171N-H    118.785      7.133        22804 
          L172N-H    122.205      6.476        20029 
          E176N-H    120.097      7.497        22729 
          N178N-H    117.052      8.041         4801 
          L181N-H    124.683      7.174         5568 
          K182N-H    116.232      9.304        20005 
          A183N-H    113.153      6.957        29222 
          L187N-H    126.644      9.257        17673 
          T188N-H    115.737      9.659        17096 
          W190N-H    121.040      6.721        15223 
          N197N-H    125.428      9.690         3947 
          T198N-H    114.816      6.561         4201 
          V200N-H    131.593      8.173         8175 
          V202N-H    130.088      8.157        16921 
          L203N-H    131.608      7.394        19696 
          I204N-H    124.426      8.694        20605 
          V205N-H    126.251      7.785        20449 
          G206N-H    116.954      9.512        19077 
          A207N-H    126.316      8.649         7013 
          E208N-H    124.393      8.138         5809 
          V212N-H    129.093      8.763        21854 
          S216N-H    113.459      8.271         6580 
          Q217N-H    117.532      7.285         4407 
          A219N-H    119.216      7.020         3832 
          F222N-H    114.702      7.950         9047 
          N225N-H    115.104      8.101        14836 
          L226N-H    123.332      6.826        23245 
          T230N-H    124.445      7.479         4226 
          K232N-H    123.136      8.426        14640 
          V233N-H    125.232      8.419        18394 
          V235N-H    121.411      7.940        24009 
          E236N-H    124.027      7.474        19411 
          L237N-H    129.093      8.763        21854 
          H242N-H    118.658      8.540         3638 
          A244N-H    130.305      7.703         4762 
          A251N-H    120.673      7.852         8188 
          I252N-H    117.352      8.766         6913 
          S253N-H    115.574      8.067         5385 
          T256N-H    115.884      8.130        26619 
          W259N-H    123.326      8.254        25575 
          M260N-H    113.882      7.748        19156 
          K261N-H    121.446      8.880        19022 
          L262N-H    120.075      7.995        22805 
          W263N-H    115.267      7.121        18392 
          D265N-H    118.155      6.723        17188 
          N266N-H    116.885      6.721         5897 
          D267N-H    116.385      7.774        20204 
          T268N-H    116.056      7.719         4146 
          R271N-H    121.765      7.538         7405 
          F273N-H    117.311      6.475         4288 
          L274N-H    115.542      7.496        10189 
          F285N-H    125.755      8.180         4651 
          R286N-H    127.597      8.812        20272 
          T287N-H    115.982      8.263         4901 
