      Assignment         w1         w2   Data Height 

           Q40N-H    119.348      6.852         6335 
           A49N-H    125.683      7.558         7417 
           L50N-H    115.361      7.363         6305 
           T51N-H    108.892      7.383         5262 
           S57N-H    121.606      8.756         5412 
           V58N-H    123.299      7.999         5746 
           A59N-H    132.682      8.752        22559 
           T62N-H    126.893      8.010         5652 
           V63N-H    129.523      8.714        20857 
           V75N-H    123.678      8.851        25193 
           I76N-H    126.547      9.205        21321 
           Y77N-H    128.294      9.713        18317 
           T80N-H    114.235      8.033         5482 
           G87N-H    110.130      9.985        13196 
           G88N-H    105.952      8.599        16295 
           A90N-H    128.161      8.038        21310 
           M91N-H    119.418      9.093        22347 
          S100N-H    116.742      8.633         7547 
          S101N-H    120.393      7.982         6348 
          A103N-H    127.358      7.507         6610 
          W104N-H    116.592      8.373         5115 
          G106N-H    109.549      8.011        14532 
          R107N-H    120.986      7.163        30895 
          S111N-H    112.769      8.293        24395 
          H112N-H    121.431      7.601        16445 
          G113N-H    109.936      8.101        15072 
          F114N-H    119.378      7.150        19427 
          V115N-H    122.174      8.880        19896 
          V116N-H    128.463      9.455        19488 
          L117N-H    130.786      9.191        18982 
          V118N-H    130.089      9.288        21153 
          I119N-H    120.484      8.156        21814 
          Q134N-H    124.645      8.055         5182 
          L135N-H    122.570      8.413        30758 
          S136N-H    115.435      7.747        19581 
          A137N-H    124.514      7.867         5419 
          A138N-H    124.872      8.182        31980 
          N140N-H    118.480      7.701         6563 
          Y141N-H    124.209      8.388         5234 
          L142N-H    121.689      8.479        29478 
          R143N-H    112.319      7.390        12238 
          S145N-H    117.593      8.222         6210 
          S146N-H    117.583      6.727         6265 
          A152N-H    119.213      7.809         7643 
          D155N-H    127.979      9.175        16374 
          A156N-H    124.872      8.182        31980 
          N157N-H    113.688      7.972         5198 
          R158N-H    123.032      7.665         9545 
          L159N-H    122.372      8.249        11630 
          A160N-H    123.432      8.903        24126 
          V161N-H    108.235      7.588        21112 
          A162N-H    122.513      8.409        32131 
          G163N-H    102.869      7.413        21427 
          H164N-H    121.848      8.176        14274 
          G169N-H    113.012      8.045         6455 
          G170N-H    108.969      8.237        10772 
          T171N-H    118.773      7.133        21735 
          L172N-H    122.231      6.476        19693 
          E176N-H    120.052      7.499        24032 
          L181N-H    124.663      7.174         6040 
          K182N-H    116.234      9.304        20130 
          A183N-H    113.153      6.957        30075 
          L187N-H    126.659      9.257        17733 
          T188N-H    115.728      9.659        16957 
          W190N-H    121.035      6.719        13849 
          V200N-H    131.580      8.171         5843 
          V202N-H    130.085      8.157        17439 
          L203N-H    131.599      7.394        19330 
          I204N-H    124.420      8.695        20304 
          V205N-H    126.267      7.784        21192 
          G206N-H    116.950      9.513        19725 
          A207N-H    126.317      8.648         6391 
          V212N-H    129.097      8.762        22184 
          S216N-H    113.454      8.270         6266 
          F222N-H    114.706      7.948         8353 
          N225N-H    115.093      8.100        13648 
          L226N-H    123.335      6.826        20269 
          K232N-H    123.124      8.425        13797 
          V233N-H    125.209      8.418        18945 
          V235N-H    121.414      7.941        22553 
          E236N-H    124.013      7.468        19035 
          L237N-H    129.097      8.762        22184 
          C238N-H    124.636      8.519         5172 
          A244N-H    130.243      7.702         6270 
          A251N-H    120.697      7.850         8627 
          T256N-H    115.874      8.130        27458 
          W259N-H    123.321      8.254        23858 
          M260N-H    113.900      7.748        17740 
          K261N-H    121.413      8.877        14910 
          L262N-H    120.078      7.995        23784 
          W263N-H    115.278      7.120        20392 
          D265N-H    118.149      6.722        19025 
          D267N-H    116.398      7.774        19651 
          R271N-H    121.792      7.536         6742 
          L274N-H    115.545      7.496         7943 
          R286N-H    127.592      8.812        21491 
          T287N-H    115.917      8.261         5407 
