      Assignment         w1         w2   Data Height 

           Q40N-H    119.306      6.851         5015 
           R41N-H    129.908     10.547         3002 
           G42N-H    110.244      9.020         3910 
           T46N-H    108.815      6.683         3739 
           A49N-H    125.722      7.557         7763 
           L50N-H    115.365      7.363         5129 
           T51N-H    108.994      7.389         4161 
           D53N-H    121.371      8.436         5486 
           S57N-H    121.559      8.755         4430 
           V58N-H    123.330      7.999         5506 
           A59N-H    132.665      8.752        23574 
           T60N-H    108.558      7.696         4939 
           T62N-H    126.852      8.009         4667 
           V63N-H    129.527      8.713        22061 
           S64N-H    124.522      8.487         4564 
           G74N-H    109.403      8.545         4447 
           V75N-H    123.696      8.852        24554 
           I76N-H    126.550      9.206        22141 
           Y77N-H    128.304      9.712        18965 
           T80N-H    114.169      8.034         9561 
           T82N-H    112.658      7.297         4350 
           L84N-H    125.137      7.850         4454 
           T85N-H    107.702      6.823         2941 
           G87N-H    110.151      9.986        12885 
           G88N-H    105.957      8.599        15990 
           A90N-H    128.152      8.037        20433 
           M91N-H    119.433      9.093        22982 
           G94N-H    110.979      9.659         2978 
           A97N-H    125.562      7.794         4074 
          S100N-H    116.515      8.618         -405 
          S101N-H    120.403      7.982         6605 
          A103N-H    127.395      7.504         7234 
          W104N-H    116.569      8.373         4758 
          G106N-H    109.562      8.012        17884 
          R107N-H    120.979      7.162        28215 
          S111N-H    112.779      8.293        25379 
          H112N-H    121.434      7.600        15602 
          G113N-H    109.949      8.100        14498 
          F114N-H    119.397      7.149        17201 
          V115N-H    122.200      8.881        17418 
          V116N-H    128.455      9.451        17626 
          L117N-H    130.786      9.192        19559 
          V118N-H    130.081      9.288        19776 
          I119N-H    120.492      8.157        21612 
          N122N-H    124.468      9.641         3842 
          D126N-H    121.383      6.878         3585 
          G127N-H    112.003      8.996         3076 
          A132N-H    122.987      7.941         4595 
          Q134N-H    124.662      8.056         6034 
          L135N-H    122.587      8.414        33697 
          S136N-H    115.445      7.748        28463 
          A137N-H    124.539      7.866         7298 
          A138N-H    124.878      8.182        31999 
          N140N-H    118.522      7.701         7542 
          Y141N-H    124.223      8.387         8922 
          L142N-H    121.710      8.480        29765 
          R143N-H    112.317      7.389        23815 
          T144N-H    108.329      7.627         3320 
          S145N-H    117.704      8.227         3151 
          S146N-H    117.565      6.728         5560 
          V150N-H    115.269      6.704         5478 
          A152N-H    119.245      7.806         8955 
          R153N-H    113.487      7.125         4412 
          D155N-H    127.957      9.175        17658 
          A156N-H    124.878      8.182        31999 
          N157N-H    113.674      7.971         5868 
          R158N-H    123.021      7.666        17215 
          L159N-H    122.373      8.249        16506 
          A160N-H    123.433      8.903        22843 
          V161N-H    108.234      7.589        20806 
          A162N-H    122.531      8.409        32094 
          G163N-H    102.882      7.413        22015 
          H164N-H    121.836      8.177        16735 
          G169N-H    112.996      8.044         9023 
          G170N-H    108.956      8.234        11866 
          T171N-H    118.773      7.132        22552 
          L172N-H    122.237      6.476        20050 
          E176N-H    120.067      7.499        31728 
          N178N-H    117.033      8.039         5425 
          L181N-H    124.636      7.173         6038 
          K182N-H    116.210      9.302        19417 
          A183N-H    113.173      6.957        28309 
          L187N-H    126.671      9.257        16835 
          T188N-H    115.722      9.659        16924 
          W190N-H    121.024      6.720        14818 
          F196N-H    126.501      7.867         3732 
          N197N-H    125.384      9.690         3789 
          T198N-H    114.838      6.560         5876 
          S199N-H    122.964      8.137         2775 
          V200N-H    131.597      8.172        14862 
          V202N-H    130.092      8.156        16894 
          L203N-H    131.594      7.394        19917 
          I204N-H    124.428      8.694        19995 
          V205N-H    126.251      7.784        20847 
          G206N-H    116.951      9.512        19774 
          A207N-H    126.324      8.649        12444 
          E208N-H    124.421      8.139         3857 
          T211N-H    118.274      8.311         3477 
          V212N-H    129.115      8.762        21328 
          S216N-H    113.514      8.273         5525 
          Q217N-H    117.518      7.279         3732 
          A219N-H    119.193      7.019         3827 
          F222N-H    114.724      7.951        15124 
          N225N-H    115.117      8.099        19691 
          L226N-H    123.339      6.826        25987 
          T230N-H    124.454      7.487         4707 
          K232N-H    123.128      8.426        14663 
          V233N-H    125.253      8.417        18517 
          V235N-H    121.418      7.941        22023 
          E236N-H    124.052      7.474        18268 
          L237N-H    129.115      8.762        21328 
          C238N-H    124.660      8.521         5738 
          A240N-H    121.457      6.737         3837 
          S241N-H    117.196      8.319         3572 
          H242N-H    118.617      8.529         2986 
          I243N-H    102.634      7.023         2613 
          A244N-H    130.298      7.704         5174 
          A251N-H    120.704      7.851         7753 
          I252N-H    117.286      8.764         5625 
          S253N-H    115.548      8.069         4567 
          T256N-H    115.878      8.130        28168 
          W259N-H    123.333      8.253        23544 
          M260N-H    113.900      7.748        18205 
          K261N-H    121.415      8.878        18162 
          L262N-H    120.065      7.995        23975 
          W263N-H    115.280      7.121        17901 
          D265N-H    118.153      6.722        16319 
          N266N-H    116.849      6.721        12418 
          D267N-H    116.393      7.774        18905 
          T268N-H    116.083      7.719         3597 
          R269N-H    123.617      8.169         3327 
          R271N-H    121.735      7.537         5997 
          F273N-H    117.363      6.474         3254 
          L274N-H    115.537      7.497        15476 
          C275N-H    121.369      7.248         2725 
          C283N-H    125.009      9.051         3265 
          F285N-H    125.768      8.177         3170 
          R286N-H    127.608      8.812        20503 
          T287N-H    115.971      8.262         5848 
          N288N-H    121.974      8.000         3768 
          N289N-H    118.564      9.758         3832 
          R290N-H    120.869      8.421         4184 
          C292N-H    119.240      6.885         4621 
