      Assignment         w1         w2   Data Height 

           Q40N-H    119.317      6.851         6416 
           A49N-H    125.742      7.559         8254 
           L50N-H    115.363      7.361         5783 
           D53N-H    121.428      8.438         5305 
           A59N-H    132.673      8.753        22556 
           V63N-H    129.508      8.714        20913 
           V75N-H    123.689      8.852        23823 
           I76N-H    126.548      9.207        22364 
           Y77N-H    128.317      9.712        15822 
           T80N-H    114.228      8.028         6073 
           G87N-H    110.132      9.986        14383 
           G88N-H    105.982      8.600        16007 
           A90N-H    128.161      8.038        19697 
           M91N-H    119.445      9.093        20713 
          S100N-H    116.754      8.635         6634 
          S101N-H    120.416      7.982         5980 
          A103N-H    127.350      7.506         7332 
          G106N-H    109.564      8.012        16854 
          R107N-H    121.006      7.164        27855 
          S111N-H    112.778      8.294        24602 
          H112N-H    121.442      7.601        16813 
          G113N-H    109.962      8.101        13703 
          F114N-H    119.395      7.150        19300 
          V115N-H    122.181      8.881        17890 
          V116N-H    128.489      9.454        17841 
          L117N-H    130.794      9.192        19535 
          V118N-H    130.097      9.289        20054 
          I119N-H    120.481      8.157        22384 
          L135N-H    122.562      8.413        31015 
          S136N-H    115.453      7.748        23553 
          A137N-H    124.539      7.866         6574 
          A138N-H    124.877      8.182        32036 
          N140N-H    118.477      7.702         6279 
          Y141N-H    124.195      8.387         5710 
          L142N-H    121.704      8.480        30379 
          R143N-H    112.321      7.390        18364 
          S145N-H    117.658      8.220         6154 
          S146N-H    117.523      6.729         6620 
          A152N-H    119.242      7.807         7022 
          D155N-H    127.960      9.175        17729 
          A156N-H    124.877      8.182        32036 
          R158N-H    123.029      7.666        14561 
          L159N-H    122.379      8.249        16489 
          A160N-H    123.422      8.904        22171 
          V161N-H    108.239      7.590        21718 
          A162N-H    122.520      8.409        33067 
          G163N-H    102.877      7.414        21248 
          H164N-H    121.826      8.178        16089 
          G169N-H    112.971      8.048         8393 
          G170N-H    108.951      8.235        11851 
          T171N-H    118.779      7.133        22439 
          L172N-H    122.230      6.476        19598 
          E176N-H    120.066      7.500        29047 
          L181N-H    124.649      7.173         5257 
          K182N-H    116.229      9.305        19438 
          A183N-H    113.154      6.958        28120 
          L187N-H    126.666      9.257        16526 
          T188N-H    115.727      9.659        17317 
          W190N-H    121.040      6.720        12509 
          V200N-H    131.581      8.172        10621 
          V202N-H    130.091      8.157        17233 
          L203N-H    131.592      7.395        19730 
          I204N-H    124.426      8.695        20003 
          V205N-H    126.260      7.784        22577 
          G206N-H    116.955      9.512        17388 
          A207N-H    126.319      8.651        10355 
          E208N-H    124.393      8.140         5681 
          V212N-H    129.097      8.764        22138 
          S216N-H    113.510      8.272         5344 
          F222N-H    114.742      7.951        12615 
          N225N-H    115.109      8.101        17345 
          L226N-H    123.334      6.827        25291 
          T230N-H    124.360      7.480         4707 
          K232N-H    123.117      8.426        13737 
          V233N-H    125.219      8.420        20242 
          V235N-H    121.421      7.941        23083 
          E236N-H    124.024      7.474        19876 
          L237N-H    129.097      8.764        22138 
          C238N-H    124.645      8.521         5387 
          A244N-H    130.285      7.704         6901 
          A251N-H    120.729      7.851         8809 
          I252N-H    117.328      8.765         6312 
          S253N-H    115.592      8.066         5582 
          T256N-H    115.875      8.131        27407 
          W259N-H    123.339      8.254        24339 
          M260N-H    113.909      7.749        17968 
          K261N-H    121.446      8.879        19373 
          L262N-H    120.057      7.996        22619 
          W263N-H    115.279      7.121        19709 
          D265N-H    118.159      6.723        18040 
          N266N-H    116.876      6.722         9308 
          D267N-H    116.400      7.774        19283 
          R271N-H    121.741      7.537         6485 
          L274N-H    115.543      7.496        14020 
          R286N-H    127.587      8.813        21456 
