      Assignment         w1         w2   Data Height 

           A49N-H    125.748      7.558         7476 
           A59N-H    132.680      8.753        23444 
           V63N-H    129.525      8.714        21896 
           V75N-H    123.683      8.852        25202 
           I76N-H    126.552      9.207        20728 
           Y77N-H    128.318      9.712        16850 
           T80N-H    114.182      8.034        12997 
           G87N-H    110.147      9.986        15011 
           G88N-H    105.974      8.599        15952 
           A90N-H    128.156      8.038        20410 
           M91N-H    119.441      9.093        20923 
          S101N-H    120.477      7.981         6818 
          G106N-H    109.553      8.012        16584 
          R107N-H    120.996      7.162        29428 
          S111N-H    112.769      8.293        25884 
          H112N-H    121.421      7.600        17699 
          G113N-H    109.945      8.101        14000 
          F114N-H    119.380      7.150        19403 
          V115N-H    122.183      8.882        16562 
          V116N-H    128.497      9.456        17738 
          L117N-H    130.790      9.191        20586 
          V118N-H    130.103      9.290        21538 
          I119N-H    120.481      8.157        22501 
          Q134N-H    124.672      8.058         8037 
          L135N-H    122.559      8.414        30650 
          S136N-H    115.452      7.748        27809 
          A137N-H    124.539      7.866         8154 
          A138N-H    124.881      8.183        32526 
          N140N-H    118.499      7.703         9745 
          Y141N-H    124.213      8.387        11531 
          L142N-H    121.716      8.481        29482 
          R143N-H    112.309      7.390        28128 
          A152N-H    119.256      7.808         7747 
          D155N-H    127.970      9.175        17664 
          A156N-H    124.881      8.183        32526 
          N157N-H    113.722      7.970         6562 
          R158N-H    123.027      7.665        19063 
          L159N-H    122.361      8.249        17231 
          A160N-H    123.435      8.904        21752 
          V161N-H    108.239      7.589        21233 
          A162N-H    122.514      8.409        31986 
          G163N-H    102.872      7.414        22357 
          H164N-H    121.858      8.178        16090 
          G169N-H    113.007      8.043        11309 
          G170N-H    108.955      8.233        14240 
          T171N-H    118.789      7.133        23055 
          L172N-H    122.229      6.476        18769 
          E176N-H    120.066      7.499        35113 
          L181N-H    124.642      7.174        11047 
          K182N-H    116.233      9.304        19480 
          A183N-H    113.162      6.958        28417 
          L187N-H    126.657      9.256        17624 
          T188N-H    115.728      9.658        17987 
          W190N-H    121.047      6.721        14635 
          T198N-H    114.814      6.562         9474 
          V200N-H    131.575      8.172        19890 
          V202N-H    130.045      8.155        15860 
          L203N-H    131.586      7.394        18821 
          I204N-H    124.420      8.696        19218 
          V205N-H    126.259      7.785        19032 
          G206N-H    116.949      9.512        20400 
          A207N-H    126.325      8.648        15670 
          V212N-H    129.104      8.763        21202 
          F222N-H    114.734      7.952        17241 
          N225N-H    115.098      8.100        19885 
          L226N-H    123.343      6.827        27601 
          T230N-H    124.365      7.480         6634 
          K232N-H    123.118      8.426        15038 
          V233N-H    125.222      8.417        18310 
          V235N-H    121.412      7.941        22083 
          E236N-H    124.026      7.473        19807 
          L237N-H    129.104      8.763        21202 
          A251N-H    120.733      7.850         8111 
          I252N-H    117.307      8.764         9108 
          T256N-H    115.883      8.131        26337 
          W259N-H    123.333      8.254        23041 
          M260N-H    113.918      7.748        18584 
          K261N-H    121.441      8.878        19219 
          L262N-H    120.071      7.995        21491 
          W263N-H    115.284      7.122        18720 
          D265N-H    118.159      6.723        17158 
          N266N-H    116.839      6.722        14573 
          D267N-H    116.389      7.774        19257 
          R271N-H    121.732      7.537         6649 
          L274N-H    115.549      7.497        18714 
          C283N-H    124.970      9.046         6913 
          R286N-H    127.587      8.812        20473 
