      Assignment         w1         w2   Data Height 

           Q40N-H    119.351      6.851         8003 
           A49N-H    125.759      7.558         7539 
           A59N-H    132.679      8.752        22326 
           V63N-H    129.529      8.713        19364 
           V75N-H    123.668      8.850        25458 
           I76N-H    126.560      9.205        21890 
           Y77N-H    128.334      9.711        19113 
           G87N-H    110.143      9.986        13602 
           G88N-H    105.973      8.598        16994 
           A90N-H    128.149      8.035        20203 
           M91N-H    119.432      9.092        22160 
          S100N-H    116.729      8.633         7791 
          S101N-H    120.445      7.981         7017 
          A103N-H    127.367      7.503         7525 
          G106N-H    109.551      8.011        13147 
          R107N-H    120.978      7.162        29417 
          S111N-H    112.780      8.292        24217 
          H112N-H    121.440      7.599        17622 
          G113N-H    109.948      8.099        15210 
          F114N-H    119.395      7.148        17529 
          V115N-H    122.184      8.880        19647 
          V116N-H    128.467      9.452        19559 
          L117N-H    130.802      9.190        19334 
          V118N-H    130.099      9.289        21804 
          I119N-H    120.479      8.155        23221 
          L135N-H    122.557      8.412        30272 
          S136N-H    115.454      7.747        19987 
          A137N-H    124.539      7.866         6909 
          A138N-H    124.883      8.181        31086 
          N140N-H    118.510      7.701         6941 
          L142N-H    121.695      8.478        31021 
          R143N-H    112.320      7.389        10970 
          S146N-H    117.546      6.727         7894 
          A152N-H    119.226      7.809         8578 
          D155N-H    127.960      9.174        17247 
          A156N-H    124.883      8.181        31086 
          R158N-H    123.010      7.665         9487 
          L159N-H    122.366      8.251        11007 
          A160N-H    123.438      8.903        23079 
          V161N-H    108.241      7.588        22035 
          A162N-H    122.510      8.408        33047 
          G163N-H    102.877      7.412        22608 
          H164N-H    121.840      8.177        15138 
          G169N-H    112.981      8.045         7036 
          G170N-H    108.947      8.236         9982 
          T171N-H    118.776      7.132        22679 
          L172N-H    122.215      6.475        19535 
          E176N-H    120.053      7.498        23925 
          K182N-H    116.221      9.303        20013 
          A183N-H    113.159      6.957        28430 
          L187N-H    126.652      9.256        17575 
          T188N-H    115.735      9.658        19228 
          W190N-H    121.026      6.719        14391 
          V202N-H    130.089      8.157        16804 
          L203N-H    131.600      7.393        19957 
          I204N-H    124.420      8.694        19292 
          V205N-H    126.258      7.783        20856 
          G206N-H    116.948      9.511        18710 
          V212N-H    129.107      8.762        23625 
          S216N-H    113.501      8.270         8189 
          F222N-H    114.695      7.948         7963 
          N225N-H    115.084      8.099        14461 
          L226N-H    123.339      6.825        22014 
          K232N-H    123.128      8.426        14126 
          V233N-H    125.229      8.419        19757 
          V235N-H    121.411      7.940        22185 
          E236N-H    124.029      7.473        19749 
          L237N-H    129.107      8.762        23625 
          A251N-H    120.689      7.849         8634 
          T256N-H    115.883      8.129        27488 
          W259N-H    123.314      8.253        25839 
          M260N-H    113.903      7.747        19386 
          K261N-H    121.420      8.878        18897 
          L262N-H    120.040      7.994        23572 
          W263N-H    115.282      7.120        20000 
          D265N-H    118.120      6.721        16276 
          D267N-H    116.387      7.772        20106 
          R271N-H    121.747      7.536         6919 
          L274N-H    115.581      7.495         8190 
          R286N-H    127.593      8.811        20824 
