      Assignment         w1         w2   Data Height 

           Q40N-H    119.363      6.852         6572 
           A49N-H    125.737      7.558         7359 
           L50N-H    115.320      7.363         6647 
           T51N-H    108.937      7.383         5372 
           D53N-H    121.366      8.437         7201 
           S57N-H    121.554      8.753         4391 
           V58N-H    123.341      7.997         6858 
           A59N-H    132.672      8.753        23496 
           T60N-H    108.525      7.697         6617 
           T62N-H    126.795      8.012         5136 
           V63N-H    129.508      8.714        20288 
           S64N-H    124.542      8.489         4889 
           G74N-H    109.417      8.546         4637 
           V75N-H    123.675      8.852        24137 
           I76N-H    126.551      9.206        23167 
           Y77N-H    128.313      9.713        16625 
           T80N-H    114.189      8.033         5414 
           L84N-H    125.108      7.854         5937 
           G87N-H    110.145      9.986        13781 
           G88N-H    105.956      8.600        15679 
           A90N-H    128.151      8.037        20112 
           M91N-H    119.433      9.094        22628 
           A97N-H    125.505      7.795         5217 
          S100N-H    116.757      8.634         5632 
          S101N-H    120.539      7.979         4442 
          A103N-H    127.376      7.506         5916 
          W104N-H    116.591      8.376         4630 
          G106N-H    109.559      8.011        15277 
          R107N-H    120.990      7.164        29458 
          S111N-H    112.784      8.294        25456 
          H112N-H    121.423      7.599        17298 
          G113N-H    109.941      8.102        13914 
          F114N-H    119.406      7.150        18540 
          V115N-H    122.178      8.881        17599 
          V116N-H    128.472      9.454        18856 
          L117N-H    130.805      9.192        19718 
          V118N-H    130.086      9.290        21279 
          I119N-H    120.490      8.156        21098 
          D126N-H    121.397      6.878         4813 
          Q134N-H    124.709      8.057         4844 
          L135N-H    122.580      8.413        29540 
          S136N-H    115.455      7.749        21078 
          A137N-H    124.539      7.866         6190 
          A138N-H    124.875      8.183        31013 
          N140N-H    118.491      7.703         7778 
          Y141N-H    124.175      8.389         4587 
          L142N-H    121.703      8.480        27801 
          R143N-H    112.334      7.390        15239 
          T144N-H    108.318      7.629         5147 
          S145N-H    117.640      8.219         5949 
          S146N-H    117.538      6.727         6895 
          V150N-H    115.279      6.703         5138 
          A152N-H    119.230      7.810         9273 
          D155N-H    127.973      9.174        16011 
          A156N-H    124.875      8.183        31013 
          N157N-H    113.652      7.968         4377 
          R158N-H    123.020      7.666        11298 
          L159N-H    122.369      8.250        12717 
          A160N-H    123.430      8.904        23726 
          V161N-H    108.236      7.589        21584 
          A162N-H    122.507      8.408        32155 
          G163N-H    102.876      7.413        21184 
          H164N-H    121.842      8.179        15578 
          G169N-H    113.001      8.047         7997 
          G170N-H    108.949      8.236        11049 
          T171N-H    118.783      7.133        23346 
          L172N-H    122.224      6.476        19772 
          E176N-H    120.065      7.500        27480 
          N178N-H    117.049      8.041         4492 
          L181N-H    124.640      7.173         4944 
          K182N-H    116.213      9.303        18524 
          A183N-H    113.162      6.958        29676 
          L187N-H    126.677      9.257        16539 
          T188N-H    115.711      9.660        19233 
          W190N-H    121.050      6.720        14832 
          V200N-H    131.592      8.172         8097 
          V202N-H    130.101      8.157        17101 
          L203N-H    131.594      7.395        18222 
          I204N-H    124.425      8.695        19401 
          V205N-H    126.271      7.784        21031 
          G206N-H    116.948      9.511        18470 
          A207N-H    126.309      8.650         7031 
          E208N-H    124.360      8.139         5216 
          V212N-H    129.096      8.763        21521 
          S216N-H    113.512      8.272         6876 
          A219N-H    119.194      7.022         3125 
          F222N-H    114.684      7.952         9659 
          N225N-H    115.101      8.101        14773 
          L226N-H    123.335      6.826        22370 
          T230N-H    124.452      7.481         4720 
          K232N-H    123.131      8.425        13733 
          V233N-H    125.231      8.420        18819 
          V235N-H    121.423      7.940        21987 
          E236N-H    124.037      7.473        19627 
          L237N-H    129.096      8.763        21521 
          C238N-H    124.661      8.520         5001 
          A244N-H    130.308      7.704         6147 
          A251N-H    120.705      7.851         7155 
          I252N-H    117.330      8.766         5176 
          S253N-H    115.579      8.068         4980 
          T256N-H    115.880      8.130        27173 
          W259N-H    123.326      8.254        22490 
          M260N-H    113.908      7.748        20055 
          K261N-H    121.439      8.879        18376 
          L262N-H    120.072      7.995        21781 
          W263N-H    115.276      7.121        18957 
          D265N-H    118.146      6.722        15906 
          N266N-H    116.884      6.721         7970 
          D267N-H    116.400      7.774        21845 
          R271N-H    121.717      7.537         5415 
          L274N-H    115.546      7.498        12025 
          R286N-H    127.628      8.813        19553 
          T287N-H    115.953      8.258         4399 
