      Assignment         w1         w2   Data Height 

           T46N-H    108.739      6.682         4913 
           A49N-H    125.741      7.557         7700 
           L50N-H    115.396      7.362        10613 
           D53N-H    121.374      8.436         5274 
           G54N-H    110.580      8.675         7345 
           V58N-H    123.340      7.997         6079 
           A59N-H    132.684      8.753        23481 
           T60N-H    108.572      7.698         6437 
           T62N-H    126.830      8.010         5053 
           V63N-H    129.519      8.714        23884 
           G74N-H    109.442      8.545         5105 
           V75N-H    123.680      8.852        24458 
           I76N-H    126.557      9.208        21628 
           Y77N-H    128.333      9.713        15364 
           T80N-H    114.156      8.034        18674 
           T82N-H    112.648      7.294         6649 
           G87N-H    110.141      9.986        13282 
           G88N-H    105.972      8.601        15106 
           A90N-H    128.160      8.037        20325 
           M91N-H    119.437      9.093        23030 
          S100N-H    116.702      8.633         6409 
          S101N-H    120.473      7.981         5621 
          A103N-H    127.369      7.506         6780 
          W104N-H    116.637      8.376         4810 
          G106N-H    109.561      8.011        18480 
          R107N-H    121.000      7.163        27491 
          A110N-H    122.589      7.886        28183 
          S111N-H    112.778      8.293        24110 
          H112N-H    121.435      7.600        15919 
          G113N-H    109.933      8.100        14480 
          F114N-H    119.384      7.150        17115 
          V115N-H    122.205      8.882        16665 
          V116N-H    128.471      9.455        18769 
          L117N-H    130.801      9.192        20613 
          V118N-H    130.092      9.289        20974 
          I119N-H    120.480      8.156        21321 
          A132N-H    122.985      7.943         8528 
          Q134N-H    124.710      8.056        14614 
          L135N-H    122.574      8.413        32311 
          S136N-H    115.452      7.747        29035 
          A137N-H    124.545      7.865        17727 
          A138N-H    124.894      8.184        33298 
          N140N-H    118.550      7.704        19233 
          Y141N-H    124.219      8.386        19178 
          L142N-H    121.717      8.480        29044 
          R143N-H    112.314      7.390        32468 
          S145N-H    117.714      8.220         4415 
          S146N-H    117.559      6.728         4815 
          V150N-H    115.295      6.700        10995 
          A152N-H    119.300      7.806         7178 
          R153N-H    113.431      7.124        11768 
          D155N-H    127.975      9.176        17034 
          A156N-H    124.894      8.184        33298 
          R158N-H    123.036      7.666        21417 
          L159N-H    122.377      8.247        18501 
          A160N-H    123.444      8.904        22908 
          V161N-H    108.228      7.590        20719 
          A162N-H    122.522      8.409        32988 
          G163N-H    102.881      7.414        23394 
          H164N-H    121.839      8.177        17052 
          G169N-H    112.993      8.044        11625 
          G170N-H    108.956      8.233        13643 
          T171N-H    118.789      7.133        23542 
          L172N-H    122.226      6.476        19178 
          E176N-H    120.061      7.499        35045 
          N178N-H    117.028      8.043         5995 
          L181N-H    124.646      7.173        19124 
          K182N-H    116.219      9.304        18921 
          A183N-H    113.155      6.957        29365 
          L187N-H    126.664      9.256        18699 
          T188N-H    115.731      9.659        17249 
          W190N-H    121.064      6.722        13266 
          F196N-H    126.551      7.869         8571 
          T198N-H    114.808      6.562        16394 
          V200N-H    131.576      8.173        23852 
          V202N-H    130.071      8.158        15192 
          L203N-H    131.597      7.394        19135 
          I204N-H    124.418      8.695        19150 
          V205N-H    126.269      7.785        20809 
          G206N-H    116.965      9.512        18867 
          A207N-H    126.311      8.648        18944 
          E208N-H    124.398      8.139         6394 
          V212N-H    129.120      8.764        22624 
          S216N-H    113.484      8.274         4888 
          F222N-H    114.745      7.951        20922 
          N225N-H    115.105      8.100        22547 
          L226N-H    123.338      6.827        29225 
          T230N-H    124.329      7.483        13420 
          K232N-H    123.146      8.426        14875 
          V233N-H    125.222      8.418        17858 
          V235N-H    121.412      7.941        23214 
          E236N-H    124.030      7.474        20660 
          L237N-H    129.120      8.764        22624 
          A244N-H    130.310      7.704         5705 
          A251N-H    120.739      7.853         7203 
          I252N-H    117.349      8.765        15417 
          S253N-H    115.608      8.066        10090 
          T256N-H    115.882      8.132        24893 
          W259N-H    123.315      8.254        23420 
          M260N-H    113.892      7.749        19715 
          K261N-H    121.425      8.878        19552 
          L262N-H    120.068      7.996        22545 
          W263N-H    115.284      7.121        17792 
          D265N-H    118.196      6.722        16292 
          N266N-H    116.836      6.720        19127 
          D267N-H    116.407      7.774        17163 
          R271N-H    121.726      7.537         5840 
          F273N-H    117.266      6.474         6881 
          L274N-H    115.532      7.496        19799 
          C283N-H    124.974      9.044        11581 
          R286N-H    127.606      8.811        18251 
          T287N-H    115.974      8.260         5254 
