      Assignment         w1         w2   Data Height 

           Y39N-H    119.037      7.575         4756 
           Q40N-H    119.389      6.852         5082 
           T46N-H    108.745      6.676         5340 
           A49N-H    125.702      7.557         7195 
           L50N-H    115.394      7.365         5857 
           T51N-H    108.911      7.382         4571 
           D53N-H    121.360      8.437         5878 
           S57N-H    121.579      8.757         3790 
           V58N-H    123.317      7.998         5215 
           A59N-H    132.687      8.753        22818 
           T60N-H    108.484      7.694         5574 
           T62N-H    126.854      8.010         6823 
           V63N-H    129.534      8.714        21612 
           S64N-H    124.527      8.488         4606 
           G74N-H    109.426      8.544         4757 
           V75N-H    123.692      8.851        25048 
           I76N-H    126.553      9.207        22561 
           Y77N-H    128.323      9.712        16259 
           T80N-H    114.183      8.038         6133 
           T82N-H    112.567      7.294         6022 
           L84N-H    125.073      7.855         6456 
           G87N-H    110.157      9.986        14038 
           G88N-H    105.952      8.599        16488 
           A90N-H    128.156      8.038        20144 
           M91N-H    119.446      9.093        21695 
           G94N-H    111.083      9.661         3651 
           A97N-H    125.480      7.795         3834 
          S100N-H    116.748      8.633         6098 
          S101N-H    120.539      7.979         3669 
          A103N-H    127.372      7.505         6020 
          W104N-H    116.575      8.375         5119 
          G106N-H    109.572      8.011        16514 
          R107N-H    120.987      7.163        28751 
          S111N-H    112.785      8.293        24785 
          H112N-H    121.420      7.601        16882 
          G113N-H    109.944      8.099        14019 
          F114N-H    119.394      7.149        19020 
          V115N-H    122.175      8.881        18624 
          V116N-H    128.472      9.454        17886 
          L117N-H    130.792      9.192        18505 
          V118N-H    130.101      9.289        20787 
          I119N-H    120.485      8.156        22379 
          D126N-H    121.364      6.878         4803 
          A132N-H    122.966      7.942         4004 
          Q134N-H    124.684      8.057         5364 
          L135N-H    122.575      8.413        29228 
          S136N-H    115.437      7.748        23720 
          A137N-H    124.539      7.866         6367 
          A138N-H    124.868      8.182        31447 
          N140N-H    118.466      7.703         6754 
          Y141N-H    124.233      8.386         6193 
          L142N-H    121.693      8.480        31520 
          R143N-H    112.314      7.390        16357 
          T144N-H    108.314      7.627         5543 
          S145N-H    117.603      8.221         5222 
          S146N-H    117.529      6.725         5731 
          V150N-H    115.267      6.705         6470 
          A152N-H    119.205      7.809         9278 
          R153N-H    113.384      7.125         4795 
          D155N-H    127.958      9.175        17146 
          A156N-H    124.868      8.182        31447 
          N157N-H    113.724      7.972         4579 
          R158N-H    123.034      7.665        12894 
          L159N-H    122.385      8.251        12491 
          A160N-H    123.437      8.903        23448 
          V161N-H    108.228      7.590        21605 
          A162N-H    122.502      8.408        31450 
          G163N-H    102.885      7.413        22190 
          H164N-H    121.847      8.179        14721 
          G169N-H    112.979      8.046         7645 
          G170N-H    108.942      8.236        10704 
          T171N-H    118.799      7.133        23147 
          L172N-H    122.231      6.476        19522 
          E176N-H    120.063      7.499        27829 
          N178N-H    117.025      8.046         4505 
          L181N-H    124.649      7.171         6782 
          K182N-H    116.226      9.303        19854 
          A183N-H    113.167      6.958        30437 
          L187N-H    126.654      9.256        17799 
          T188N-H    115.748      9.659        18932 
          W190N-H    121.031      6.722        15244 
          F196N-H    126.530      7.867         4080 
          N197N-H    125.427      9.689         5252 
          T198N-H    114.808      6.560         5087 
          S199N-H    123.003      8.137         4200 
          V200N-H    131.583      8.172         9356 
          V202N-H    130.093      8.157        16272 
          L203N-H    131.602      7.395        19651 
          I204N-H    124.422      8.694        19519 
          V205N-H    126.270      7.785        20450 
          G206N-H    116.961      9.512        20205 
          A207N-H    126.306      8.649         9431 
          E208N-H    124.412      8.140         4465 
          T211N-H    118.153      8.308         4072 
          V212N-H    129.107      8.763        22284 
          S216N-H    113.489      8.272         5941 
          Q217N-H    117.580      7.286         4733 
          A219N-H    119.194      7.022         3587 
          F222N-H    114.718      7.951        11092 
          N225N-H    115.098      8.100        15406 
          L226N-H    123.351      6.827        24910 
          T230N-H    124.399      7.484         4990 
          K232N-H    123.134      8.426        14554 
          V233N-H    125.212      8.418        18298 
          V235N-H    121.419      7.941        23181 
          E236N-H    124.032      7.474        20245 
          L237N-H    129.107      8.763        22284 
          C238N-H    124.680      8.521         4420 
          H242N-H    118.709      8.536         3768 
          A244N-H    130.293      7.702         5399 
          A251N-H    120.696      7.852         8355 
          I252N-H    117.308      8.763         4284 
          S253N-H    115.629      8.065         5208 
          T256N-H    115.872      8.130        28348 
          W259N-H    123.331      8.254        24359 
          M260N-H    113.890      7.749        18298 
          K261N-H    121.419      8.879        17737 
          L262N-H    120.054      7.995        22940 
          W263N-H    115.296      7.122        18353 
          D265N-H    118.138      6.723        15462 
          N266N-H    116.907      6.722         7165 
          D267N-H    116.398      7.774        20954 
          T268N-H    115.972      7.725         4212 
          R271N-H    121.776      7.536         4972 
          L274N-H    115.576      7.497        12562 
          C283N-H    125.001      9.045         3749 
          R286N-H    127.592      8.813        20752 
          T287N-H    115.959      8.261         5143 
          N288N-H    122.084      8.001         4422 
          N289N-H    118.595      9.763         3787 
