##TITLE= Parameter file, TopSpin 4.1.3
##JCAMPDX= 5.0
##DATATYPE= Parameter Values
##NPOINTS= 17	$$ modification sequence number
##ORIGIN= Bruker BioSpin GmbH
##OWNER= ead17
$$ 2023-01-12 17:12:02.274 +0100  ead17@CZC1249Y8X
$$ /opt/nmrdata/data/ead17/2023/8Carbios_ICCG_exchange/1005/pdata/1/clevels
$$ process /opt/topspin4.1.3/prog/mod/dataserver
##$LEVELS= (0..255)
239643081.4 287571697.7 345086037.2 414103244.7 496923893.6 596308672.3
715570406.8 858684488.1 1030421385.8 1236505662.9 1483806795.5 1780568154.6
2136681785.5 2564018142.6 3076821771.1 3692186125.3 4430623350.4 5316748020.5
6380097624.6 7656117149.5 9187340579.4 11024810000 13229770000 15875720000
19050870000 22861040000 27433250000 32919900000 39503880000 47404660000
56885590000 68262710000 0 0 0 0 0 0 0 0 0 0 0 0 0 0 0 0 0 0 0 0 0 0 0 0
0 0 0 0 0 0 0 0 0 0 0 0 0 0 0 0 0 0 0 0 0 0 0 0 0 0 0 0 0 0 0 0 0 0 0 0
0 0 0 0 0 0 0 0 0 0 0 0 0 0 0 0 0 0 0 0 0 0 0 0 0 0 0 0 0 0 0 0 0 0 0 0
0 0 0 0 0 0 0 0 0 0 0 0 0 0 0 0 0 0 0 0 0 0 0 0 0 0 0 0 0 0 0 0 0 0 0 0
0 0 0 0 0 0 0 0 0 0 0 0 0 0 0 0 0 0 0 0 0 0 0 0 0 0 0 0 0 0 0 0 0 0 0 0
0 0 0 0 0 0 0 0 0 0 0 0 0 0 0 0 0 0 0 0 0 0 0 0 0 0 0 0 0 0 0 0 0 0 0 0
0 0 0 0 0 0 0 0 0 0 0 0 0 0 0 0 0 0 0 0
##$LEVSIGN= 1
##$MAXLEV= 64
##$METHOD= 0
##$NEGBASE= -239643081.4
##$NEGINCR= 1.8
##$POSBASE= 239643081.4
##$POSINCR= 1.2
##END=
